741582693265913478839647512152398746697421835483756129328164957574839261916275384
700500600000000000009040002150300700000020000080006000008100950500030000910005304
Fzmyx2h.eWi6C.L2s925y.8yYK6jc.D4zgJ5.r6xv~q.io-bGRx.wdbEZf.PltXo304

482531769137269485659847213296475138715328694843196527321954876578613942964782351
402000000007000480050000000200005100010300690800006000000900070000003940060082300
r23JId.7ISRf5R.A-KTC2.gDAE_2B.E4MASC8.Lfn9hg.i2mlZM.wqY2-as.S35TqDw

197834526583216974642795813239587641754163298861942735928451367315679482476328159
007800500003206000600005010009000600700063298000000005000000000310070080000028009

618974235594283716723615894157862943432159687869347152385721469976438521241596378
000000035000200700003600090000002000000100607869007000305000400976408500000090000
yHVOz1o.xi_UqL.EyY2e5n.8SS0H6.odFkB7o.MJBFBj1.lDz1t27.SJyK6tew.dyLBn5




